02 18 E 1380
03 18 E 1380
04 18 E 1380
04 18 E 1380
04 18 E 1380
04 18 E 1380
05 18 E 1380
05 18 E 1380
06 18 E 1380
07 18 E 1380
08 18 E 1380
09 18 E 1380
09 18 E 1380
10 18 E 1380
11 18 E 1380
12 18 E 1380
12 18 E 1380
12 18 E 1380
01 19 E 1380
02 19 E 1380
02 19 E 1380
03 19 E 1380
04 19 E 1380
05 19 E 1380
06 19 E 1380
06 19 E 1380
06 19 E 1380
07 19 E 1380
07 19 E 1380
07 19 E 1380
08 19 E 1380
08 19 E 1380
08 19 E 1380
09 19 E 1380
010 19 E 1380
011 19 E 1380
011 19 E 1380
012 19 E 1380
012 19 E 1380
012 19 E 1380
012 19 E 1380
